Caught SIGUSR2. Printing status.
___ Begin jemalloc statistics ___
Version: 3.6.0-0-g46c0af68bd248b04df75e4f92d5fb804c3d75340
Assertions disabled
Run-time option settings:
  opt.abort: false
  opt.lg_chunk: 22
  opt.dss: "secondary"
  opt.narenas: 32
  opt.lg_dirty_mult: 3
  opt.stats_print: false
  opt.junk: false
  opt.quarantine: 0
  opt.redzone: false
  opt.zero: false
  opt.valgrind: false
  opt.tcache: true
  opt.lg_tcache_max: 15
CPUs: 8
Arenas: 32
Pointer size: 8
Quantum size: 16
Page size: 4096
Min active:dirty page ratio per arena: 8:1
Maximum thread-cached size class: 32768
Chunk size: 4194304 (2^22)
Allocated: 3121392, active: 4456448, mapped: 33554432
Current active ceiling: 29360128
chunks: nchunks   highchunks    curchunks
              8            8            8
huge: nmalloc      ndalloc    allocated
            0            0            0
Merged arenas stats:
assigned threads: 3
dss allocation precedence: N/A
dirty pages: 1088:73 active:dirty, 77 sweeps, 847 madvises, 4009 purged
            allocated      nmalloc      ndalloc    nrequests
small:        1741040       158827       151480       357536
large:        1380352          385          249         2504
total:        3121392       159212       151729       360040
active:       4456448
mapped:      29360128
bins:     bin  size regs pgs    allocated      nmalloc      ndalloc    nrequests       nfills     nflushes      newruns       reruns      curruns
            0     8  501   1         9744        24800        23582        49261          310          127           40           22            9
            1    16  252   1         3792        20675        20438        28064          244          113           66           40            6
            2    32  126   1       113504        61429        57882       174848          662          304          481           43           42
            3    48   84   1         7344        24297        24144        45078          368          157          271           44            7
            4    64   63   1        18176         3660         3376        13428           72           40           43           28            8
            5    80   50   1         5120         2494         2430         4782           63           50           31           24            3
            6    96   84   2         9504         1512         1413         4536           39           42           15           16            3
            7   112   72   2        11424         2799         2697         8895           75           40           23           24            3
            8   128   63   2         9216         1283         1211         2738           45           36           19           12            3
            9   160   51   2        13440         1271         1187         1887           84           35           23           12            3
           10   192   63   3        16320         1344         1259         1117           40           35           16            8            3
           11   224   72   4        24640         2088         1978         1834           55           38           23           12            3
           12   256   63   4        19968         1529         1451         2217           39           32           19           19            2
           13   320   63   5        25280         2475         2396         3186           77           33           28           22            2
           14   384   63   6        30336          452          373         1707           24           36            6            0            2
           15   448   63   7        35840          541          461         3106           19           33            7            0            3
           16   512   63   8        40960          869          789          669           43           38           15            4            3
           17   640   51   8        75520         1161         1043         2242           37           33           19            8            7
           18   768   47   9        48384          659          596          413           49           36           13            4            5
           19   896   45  10        54656          700          639         1808           48           35           12           12            3
           20  1024   63  16        89088          668          581          328           28           38            7            0            6
           21  1280   51  16       145920          449          335         1855           27           31            7            0            3
           22  1536   42  16       129024          332          248         1520           26           38            6            0            2
           23  1792   38  17       204288          276          162         1267           13           26            7            0            3
           24  2048   65  33       301056          517          370           85           20           32           11            0            3
           25  2560   52  33       166400          324          259          553           10           27           10            0            2
           26  3072   43  33       132096          223          180          112            9           26            9            0            1
[27]
large:   size pages      nmalloc      ndalloc    nrequests      curruns
         4096     1           74           21           89           53
         8192     2          204          139         2305           65
        12288     3            7            6            8            1
        16384     4            8            5           10            3
        20480     5           10            9           10            1
        24576     6            9            8            9            1
[1]
        32768     8           12            5           12            7
        36864     9           34           34           34            0
[1]
        45056    11            2            0            2            2
        49152    12            2            2            2            0
[3]
        65536    16           18           16           18            2
[1]
        73728    18            1            0            1            1
[14]
       135168    33            4            4            4            0
[985]
arenas[0]:
assigned threads: 1
dss allocation precedence: disabled
dirty pages: 387:47 active:dirty, 3 sweeps, 8 madvises, 214 purged
            allocated      nmalloc      ndalloc    nrequests
small:        1056024         5251          201         3954
large:         507904          145          115          269
total:        1563928         5396          316         4223
active:       1585152
mapped:       4194304
bins:     bin  size regs pgs    allocated      nmalloc      ndalloc    nrequests       nfills     nflushes      newruns       reruns      curruns
            0     8  501   1          792          100            1            0            1            0            1            0            1
            1    16  252   1         3200          200            0          122            2            0            1            0            1
            2    32  126   1       108800         3600          200         3832           36            2           28            3           27
            3    48   84   1         4032           84            0            0            1            0            1            0            1
            4    64   63   1         4032           63            0            0            1            0            1            0            1
            5    80   50   1         4000           50            0            0            1            0            1            0            1
            6    96   84   2         8064           84            0            0            1            0            1            0            1
            7   112   72   2         8064           72            0            0            1            0            1            0            1
            8   128   63   2         8064           63            0            0            1            0            1            0            1
            9   160   51   2         8160           51            0            0            1            0            1            0            1
           10   192   63   3        12096           63            0            0            1            0            1            0            1
           11   224   72   4        16128           72            0            0            1            0            1            0            1
           12   256   63   4        16128           63            0            0            1            0            1            0            1
[13]
           14   384   63   6        24192           63            0            0            1            0            1            0            1
           15   448   63   7        28224           63            0            0            1            0            1            0            1
           16   512   63   8        32256           63            0            0            1            0            1            0            1
           17   640   51   8        32640           51            0            0            1            0            1            0            1
           18   768   47   9        36096           47            0            0            1            0            1            0            1
           19   896   45  10        40320           45            0            0            1            0            1            0            1
           20  1024   63  16        64512           63            0            0            1            0            1            0            1
           21  1280   51  16        65280           51            0            0            1            0            1            0            1
           22  1536   42  16        64512           42            0            0            1            0            1            0            1
           23  1792   38  17        68096           38            0            0            1            0            1            0            1
           24  2048   65  33       133120           65            0            0            1            0            1            0            1
           25  2560   52  33       133120           52            0            0            1            0            1            0            1
           26  3072   43  33       132096           43            0            0            1            0            1            0            1
[27]
large:   size pages      nmalloc      ndalloc    nrequests      curruns
         4096     1            3            0            3            3
         8192     2          128          110          252           18
        12288     3            1            0            1            1
        16384     4            2            0            2            2
[3]
        32768     8            3            0            3            3
        36864     9            3            3            3            0
[6]
        65536    16            3            1            3            2
[1]
        73728    18            1            0            1            1
[14]
       135168    33            1            1            1            0
[985]
arenas[1]:
assigned threads: 1
dss allocation precedence: disabled
dirty pages: 175:9 active:dirty, 2 sweeps, 4 madvises, 30 purged
            allocated      nmalloc      ndalloc    nrequests
small:         337312         1469         1097        16783
large:         200704           25            3           25
total:         538016         1494         1100        16808
active:        716800
mapped:       4194304
bins:     bin  size regs pgs    allocated      nmalloc      ndalloc    nrequests       nfills     nflushes      newruns       reruns      curruns
            0     8  501   1           32          100           96          691            1            4            1            0            1
            1    16  252   1           80          100           95         1002            1            4            1            0            1
            2    32  126   1          320          100           90         3430            1            5            1            0            1
            3    48   84   1          288           84           78         1504            1            4            1            0            1
            4    64   63   1          256           63           59         2605            1            4            1            0            1
            5    80   50   1          560           50           43          850            1            3            1            0            1
            6    96   84   2          384           84           80         2002            1            5            1            0            1
            7   112   72   2         1568           72           58         2623            1            2            1            0            1
            8   128   63   2          384           63           60           71            1            3            1            0            1
            9   160   51   2         2080           57           44           61            2            4            1            0            1
           10   192   63   3         1344           70           63            3            2            3            2            0            1
           11   224   72   4         4256           72           53            2            1            1            1            0            1
[12]
           13   320   63   5        20160           63            0            0            1            0            1            0            1
[14]
           15   448   63   7          448           63           62         1879            1            3            1            0            1
           16   512   63   8            0           63           63           38            1            3            1            0            0
           17   640   51   8        32640           51            0            0            1            0            1            0            1
           18   768   47   9         1536           47           45           17            1            3            1            0            1
           19   896   45  10         4480           50           45            3            2            3            2            0            1
           20  1024   63  16            0           63           63            2            1            3            1            0            0
           21  1280   51  16        65280           51            0            0            1            0            1            0            1
[22]
           23  1792   38  17        68096           38            0            0            1            0            1            0            1
           24  2048   65  33       133120           65            0            0            1            0            1            0            1
[25..27]
large:   size pages      nmalloc      ndalloc    nrequests      curruns
         4096     1           14            0           14           14
         8192     2            5            0            5            5
        12288     3            1            1            1            0
[1]
        20480     5            1            1            1            0
        24576     6            1            0            1            1
[1]
        32768     8            1            0            1            1
        36864     9            1            1            1            0
[1]
        45056    11            1            0            1            1
[1007]
arenas[2]:
assigned threads: 0
dss allocation precedence: disabled
dirty pages: 79:0 active:dirty, 15 sweeps, 203 madvises, 977 purged
            allocated      nmalloc      ndalloc    nrequests
small:          14536        37854        37254        84949
large:         126976           54           32          100
total:         141512        37908        37286        85049
active:        323584
mapped:       4194304
bins:     bin  size regs pgs    allocated      nmalloc      ndalloc    nrequests       nfills     nflushes      newruns       reruns      curruns
            0     8  501   1         3432         6225         5796        13135           77           30            9            6            2
            1    16  252   1          352         5150         5128         7103           55           26           16            9            2
            2    32  126   1         3136        14401        14303        42157          155           74          112           11            7
            3    48   84   1         1536         6006         5974        11180           77           37           66           14            3
            4    64   63   1          832          831          818         2340           18           10           10            6            1
            5    80   50   1            0          586          586          915           15           12            7            6            0
            6    96   84   2            0          315          315          369            9            9            3            4            0
            7   112   72   2            0          666          666         1273           12            9            5            6            0
            8   128   63   2            0          277          277          703           11            8            4            3            0
            9   160   51   2            0          278          278          442           20            8            5            3            0
           10   192   63   3            0          287          287          236            9            8            3            2            0
           11   224   72   4            0          468          468          460           13           10            5            3            0
           12   256   63   4            0          343          343          556            9            8            4            5            0
           13   320   63   5            0          660          660          807           12            8            8            4            0
           14   384   63   6            0           82           82          515            6            9            1            0            0
           15   448   63   7            0           88           88           63            4            7            1            0            0
           16   512   63   8            0          170          170          164           10            8            3            1            0
           17   640   51   8          640          264          263          560           10            8            4            2            1
           18   768   47   9         1536          135          133           93           12            8            3            1            1
           19   896   45  10            0          140          140          448           11            8            2            3            0
           20  1024   63  16         3072          125          122           85            7            9            1            0            1
           21  1280   51  16            0           74           74          457            6            8            1            0            0
           22  1536   42  16            0           62           62          380            6           10            1            0            0
           23  1792   38  17            0           41           41          319            3            7            1            0            0
           24  2048   65  33            0           80           80           23            4            8            2            0            0
           25  2560   52  33            0           55           55          138            2            7            2            0            0
           26  3072   43  33            0           45           45           28            2            7            2            0            0
[27]
large:   size pages      nmalloc      ndalloc    nrequests      curruns
         4096     1           18            5           22           13
         8192     2           17            8           58            9
        12288     3            1            1            1            0
        16384     4            1            1            2            0
        20480     5            2            2            2            0
        24576     6            2            2            2            0
[1]
        32768     8            2            2            2            0
        36864     9            6            6            6            0
[6]
        65536    16            3            3            3            0
[16]
       135168    33            2            2            2            0
[985]
arenas[3]:
assigned threads: 1
dss allocation precedence: disabled
dirty pages: 266:9 active:dirty, 1 sweep, 3 madvises, 60 purged
            allocated      nmalloc      ndalloc    nrequests
small:         306008         1692         1278         7911
large:         233472           18            5         1838
total:         539480         1710         1283         9749
active:       1089536
mapped:       4194304
bins:     bin  size regs pgs    allocated      nmalloc      ndalloc    nrequests       nfills     nflushes      newruns       reruns      curruns
            0     8  501   1           72          100           91            7            1            2            1            0            1
            1    16  252   1          128          100           92            5            1            2            1            0            1
            2    32  126   1          448          100           86         2830            1            2            1            0            1
            3    48   84   1         1440          105           75           71            2            2            1            0            1
            4    64   63   1          512           63           55          586            1            2            1            0            1
            5    80   50   1          560           50           43          656            1            2            1            0            1
            6    96   84   2         1056           84           73         1002            1            2            1            0            1
            7   112   72   2         1792           72           56         1566            1            2            1            0            1
            8   128   63   2          768           63           57           78            1            2            1            0            1
            9   160   51   2         3200           51           31          149            1            1            1            0            1
           10   192   63   3         2880           63           48            7            1            1            1            0            1
           11   224   72   4         4256           72           53            2            1            1            1            0            1
           12   256   63   4         3840           63           48            2            1            1            1            0            1
           13   320   63   5         5120           63           47            1            1            1            1            0            1
           14   384   63   6         6144           63           47            2            1            1            1            0            1
           15   448   63   7         7168           63           47          826            1            1            1            0            1
           16   512   63   8         8192           63           47           12            1            1            1            0            1
           17   640   51   8         7680           51           39            7            1            1            1            0            1
           18   768   47   9         8448           47           36           35            1            1            1            0            1
           19   896   45  10         9856           45           34           35            1            1            1            0            1
           20  1024   63  16        16384           63           47            8            1            1            1            0            1
           21  1280   51  16        15360           51           39           21            1            1            1            0            1
           22  1536   42  16        64512           42            0            0            1            0            1            0            1
           23  1792   38  17        68096           38            0            0            1            0            1            0            1
           24  2048   65  33        34816           65           48            2            1            1            1            0            1
           25  2560   52  33        33280           52           39            1            1            1            1            0            1
[26..27]
large:   size pages      nmalloc      ndalloc    nrequests      curruns
         4096     1            1            0            1            1
         8192     2            7            1         1827            6
[1]
        16384     4            1            0            1            1
        20480     5            1            0            1            1
[2]
        32768     8            3            0            3            3
        36864     9            1            1            1            0
[1]
        45056    11            1            0            1            1
        49152    12            2            2            2            0
[3]
        65536    16            1            1            1            0
[1002]
arenas[4]:
assigned threads: 0
dss allocation precedence: disabled
dirty pages: 77:7 active:dirty, 18 sweeps, 201 madvises, 940 purged
            allocated      nmalloc      ndalloc    nrequests
small:          21416        38108        37207        91681
large:         163840           65           34          123
total:         185256        38173        37241        91804
active:        315392
mapped:       4194304
bins:     bin  size regs pgs    allocated      nmalloc      ndalloc    nrequests       nfills     nflushes      newruns       reruns      curruns
            0     8  501   1         5416         6525         5848        15465           80           30           10            7            4
            1    16  252   1           32         5075         5073         7502           55           28           16           12            1
            2    32  126   1          736        14426        14403        43528          157           75          113           15            4
            3    48   84   1            0         5964         5964        11347           95           40           66           12            0
            4    64   63   1        12544         1006          810         3768           19            8           12            8            4
            5    80   50   1            0          586          586          869           15           13            7            6            0
            6    96   84   2            0          315          315          502            9           10            3            4            0
            7   112   72   2            0          639          639         1769           20           11            5            6            0
            8   128   63   2            0          277          277          655           11            9            4            3            0
            9   160   51   2            0          278          278          574           20            8            5            3            0
           10   192   63   3            0          287          287          424            9            9            3            2            0
           11   224   72   4            0          468          468          462           13           10            5            3            0
           12   256   63   4            0          343          343          570            9            9            4            5            0
           13   320   63   5            0          563          563          826           21           10            6            6            0
           14   384   63   6            0           82           82          436            6            9            1            0            0
           15   448   63   7            0           88           88          245            4            8            1            0            0
           16   512   63   8            0          170          170          170           10           10            3            1            0
           17   640   51   8          640          264          263          559           10           10            4            2            1
           18   768   47   9            0          135          135           99           12           10            3            1            0
           19   896   45  10            0          140          140          442           11            9            2            3            0
           20  1024   63  16         2048          118          116           88            6            9            1            0            1
           21  1280   51  16            0           74           74          491            6            8            1            0            0
           22  1536   42  16            0           62           62          380            6           10            1            0            0
           23  1792   38  17            0           41           41          321            3            7            1            0            0
           24  2048   65  33            0           82           82           23            5            9            2            0            0
           25  2560   52  33            0           55           55          138            2            7            2            0            0
           26  3072   43  33            0           45           45           28            2            7            2            0            0
[27]
large:   size pages      nmalloc      ndalloc    nrequests      curruns
         4096     1           26            4           29           22
         8192     2           17            8           71            9
        12288     3            1            1            1            0
        16384     4            2            2            3            0
        20480     5            2            2            2            0
        24576     6            2            2            2            0
[1]
        32768     8            1            1            1            0
        36864     9           10           10           10            0
[6]
        65536    16            4            4            4            0
[1002]
arenas[5]:
assigned threads: 0
dss allocation precedence: disabled
dirty pages: 59:0 active:dirty, 17 sweeps, 211 madvises, 918 purged
            allocated      nmalloc      ndalloc    nrequests
small:           3024        37111        37105        76131
large:          65536           39           31           70
total:          68560        37150        37136        76201
active:        241664
mapped:       4194304
bins:     bin  size regs pgs    allocated      nmalloc      ndalloc    nrequests       nfills     nflushes      newruns       reruns      curruns
            0     8  501   1            0         5825         5825         9983           73           30            9            4            0
            1    16  252   1            0         4975         4975         6164           63           26           15           10            0
            2    32  126   1           32        14401        14400        39533          156           73          113            7            1
            3    48   84   1           48         6027         6026        10491           96           37           68           10            1
            4    64   63   1            0          817          817         2057           16            8            9            7            0
            5    80   50   1            0          586          586          742           15           10            7            6            0
            6    96   84   2            0          315          315          329            9            8            3            4            0
            7   112   72   2            0          639          639          837           20            8            5            6            0
            8   128   63   2            0          270          270          615           10            7            4            3            0
            9   160   51   2            0          278          278          330           20            7            5            3            0
           10   192   63   3            0          287          287          223            9            7            3            2            0
           11   224   72   4            0          468          468          455           13            8            5            3            0
           12   256   63   4            0          343          343          546            9            7            4            5            0
           13   320   63   5            0          563          563          777           21            7            6            6            0
           14   384   63   6            0           81           81          380            5            9            1            0            0
           15   448   63   7            0           88           88           46            4            7            1            0            0
           16   512   63   8          512          170          169          145           10            8            3            1            1
           17   640   51   8          640          240          239          558            7            7            4            2            1
           18   768   47   9          768          124          123           85           11            7            2            1            1
           19   896   45  10            0          140          140          440           11            7            2            3            0
           20  1024   63  16         1024          118          117           73            6            8            1            0            1
           21  1280   51  16            0           74           74          444            6            7            1            0            0
           22  1536   42  16            0           62           62          380            6            9            1            0            0
           23  1792   38  17            0           40           40          313            2            6            1            0            0
           24  2048   65  33            0           80           80           19            4            7            2            0            0
           25  2560   52  33            0           55           55          138            2            6            2            0            0
           26  3072   43  33            0           45           45           28            2            6            2            0            0
[27]
large:   size pages      nmalloc      ndalloc    nrequests      curruns
         4096     1            6            6           10            0
         8192     2           14            6           41            8
        12288     3            1            1            1            0
        16384     4            1            1            1            0
        20480     5            2            2            2            0
        24576     6            2            2            2            0
[1]
        32768     8            1            1            1            0
        36864     9            7            7            7            0
[6]
        65536    16            4            4            4            0
[16]
       135168    33            1            1            1            0
[985]
arenas[6]:
assigned threads: 0
dss allocation precedence: disabled
dirty pages: 45:1 active:dirty, 21 sweeps, 217 madvises, 870 purged
            allocated      nmalloc      ndalloc    nrequests
small:           2720        37342        37338        76127
large:          81920           39           29           79
total:          84640        37381        37367        76206
active:        184320
mapped:       4194304
bins:     bin  size regs pgs    allocated      nmalloc      ndalloc    nrequests       nfills     nflushes      newruns       reruns      curruns
            0     8  501   1            0         5925         5925         9980           77           31            9            5            0
            1    16  252   1            0         5075         5075         6166           67           27           16            9            0
            2    32  126   1           32        14401        14400        39538          156           73          113            7            1
            3    48   84   1            0         6027         6027        10485           96           37           68            8            0
            4    64   63   1            0          817          817         2072           16            8            9            7            0
            5    80   50   1            0          586          586          750           15           10            7            6            0
            6    96   84   2            0          315          315          332            9            8            3            4            0
            7   112   72   2            0          639          639          827           20            8            5            6            0
            8   128   63   2            0          270          270          616           10            7            4            3            0
            9   160   51   2            0          278          278          331           20            7            5            3            0
           10   192   63   3            0          287          287          224            9            7            3            2            0
           11   224   72   4            0          468          468          453           13            8            5            3            0
           12   256   63   4            0          374          374          543           10            7            5            4            0
           13   320   63   5            0          563          563          775           21            7            6            6            0
           14   384   63   6            0           81           81          374            5            8            1            0            0
           15   448   63   7            0           88           88           47            4            7            1            0            0
           16   512   63   8            0          170          170          140           10            8            3            1            0
           17   640   51   8          640          240          239          558            7            7            4            2            1
           18   768   47   9            0          124          124           84           11            7            2            1            0
           19   896   45  10            0          140          140          440           11            7            2            3            0
           20  1024   63  16         2048          118          116           72            6            8            1            0            1
           21  1280   51  16            0           74           74          442            6            7            1            0            0
           22  1536   42  16            0           62           62          380            6            9            1            0            0
           23  1792   38  17            0           40           40          314            2            6            1            0            0
           24  2048   65  33            0           80           80           18            4            7            2            0            0
           25  2560   52  33            0           55           55          138            2            6            2            0            0
           26  3072   43  33            0           45           45           28            2            6            2            0            0
[27]
large:   size pages      nmalloc      ndalloc    nrequests      curruns
         4096     1            6            6           10            0
         8192     2           16            6           51           10
        12288     3            2            2            3            0
        16384     4            1            1            1            0
        20480     5            2            2            2            0
        24576     6            2            2            2            0
[1]
        32768     8            1            1            1            0
        36864     9            6            6            6            0
[6]
        65536    16            3            3            3            0
[1002]
--- End jemalloc statistics ---
Operations:
  chmod:            0
  chown:            0
  create:           0
  fsync:            0
  flush:            36
  ftruncate:        0
  fgetattr:         0
  getattr:          255
  mkdir:            0
  mknod:            0
  open:             36
  read:             42
  readdir:          0
  release:          36
  rename:           0
  rmdir:            0
  unlink:           0
  utimens:          0
  write:            0
  cprop:            5
  pprop:            18
  nprop:            0
  cache_file:       36
  pdata_set:        36
  create_file:      0
  pdata_get:        791
  fresh_fd:         36
  open:             36
  read:             42
  write:            0
  close:            36
  return_etag:      0
  sync:             72
  truncate:         0
  delete:           755
  pdata_move:       0
  orphans:          1
  cleanup:          1
  get_fd:           0
  set_error:        0
  forensic:         0
  init:             1
  path2key:         1582
  key2path:         756
  get_304_count:     22
  get_304_timing:    22
  get_304_avelat:    1
  get_xxsm_count:     11
  get_xxsm_timing:    1308
  get_xxsm_avelat:    118
  get_xsm_count:     3
  get_xsm_timing:    666
  get_xsm_avelat:    222
  get_sm_count:     0
  get_sm_timing:    0
  get_sm_avelat:    0
  get_med_count:     0
  get_med_timing:    0
  get_med_avelat:    0
  get_lg_count:     0
  get_lg_timing:    0
  get_lg_avelat:    0
  get_xlg_count:     0
  get_xlg_timing:    0
  get_xlg_avelat:    0
  put_xxsm_count:     0
  put_xxsm_timing:    0
  put_xxsm_avelat:    0
  put_xsm_count:     0
  put_xsm_timing:    0
  put_xsm_avelat:    0
  put_sm_count:     0
  put_sm_timing:    0
  put_sm_avelat:    0
  put_med_count:     0
  put_med_timing:    0
  put_med_avelat:    0
  put_lg_count:     0
  put_lg_timing:    0
  put_lg_avelat:    0
  put_xlg_count:     0
  put_xlg_timing:    0
  put_xlg_avelat:    0
Stat Cache Operations:
  local_gen:        361
  path2key:         438
  key2path:         792
  open:             1
  close:            0
  value_get:        77
  updated_ch:       18
  read_updated:     86
  value_set:        356
  delete:           0
  del_parent:       0
  iter_free:        5
  iter_init:        5
  iter_current:     357
  iter_next:        352
  enumerate:        0
  has_child:        0
  delete_older:     5
  prune:            1
